[0.020,0.005,0.004],
[0.038,0.023,0.022],
[0.199,0.088,0.082],
[1.528,0.073,0.077],
[2.109,0.122,0.099],
[2.729,0.344,0.339],
[0.037,0.008,0.008],
[0.040,0.026,0.027],
[2.242,0.575,0.596],
[2.854,0.774,0.801],
[1.512,0.167,0.158],
[2.139,0.220,0.202],
[2.575,0.592,0.591],
[2.464,0.601,0.602],
[1.463,0.622,0.636],
[4.726,1.324,1.337],
[4.646,1.329,1.448],
[7.508,3.062,2.614],
[0.989,0.042,0.039],
[19.280,1.509,1.465],
[20.756,1.654,1.678],
[38.519,2.389,2.400],
[103.516,9.064,9.051],
[3.412,0.229,0.225],
[2.389,0.222,0.217],
[3.910,0.235,0.229],
[17.950,4.397,4.388],
[17.704,12.388,12.607],
[0.260,0.236,0.213],
[4.612,0.593,0.602],
[11.112,0.605,0.628],
[8.301,1.670,1.595],
[18.132,2.650,2.639],
[18.163,3.259,3.233],
[1.040,0.962,0.973],
[0.216,0.109,0.109],
[0.074,0.057,0.058],
[0.169,0.062,0.062],
[0.374,0.241,0.235],
[0.095,0.035,0.034],
[0.077,0.032,0.032],
[0.221,0.190,0.191],
